373
353
260
375
689
298
195
246
507
54
616
707
290
408
704
907
764
71
267
233
797
131
433
449
954
323
277
447
953
28
782
317
208
586
188
122
594
79
839
1000
284
663
548
448
977
579
790
983
620
725
601
972
622
446
658
202
625
193
923
905
936
533
408
672
888
560
984
874
854
871
302
737
527
304
877
587
548
504
198
784
368
653
947
983
261
451
154
574
445
181
233
30
443
953
3
174
793
797
508
280
492
129
440
9
135
388
769
107
189
114
914
477
314
490
816
597
730
6
356
504
758
667
782
852
141
336
915
616
832
55
820
140
885
809
74
288
710
363
191
533
22
803
678
801
418
287
566
797
535
495
264
883
611
471
474
41
648
959
76
43
610
164
651
539
674
801
817
872
675
753
952
319
812
82
163
199
156
254
531
933
814
13
6
403
677
883
261
586
133
119
220
388
62
876
595
54
850
724
520
508
930
585
652
641
939
965
725
574
351
807
632
767
109
750
306
15
76
187
458
729
234
574
818
615
371
767
70
599
375
187
546
212
499
530
730
343
440
569
5
759
131
722
983
926
668
744
173
236
630
899
587
621
851
70
10
833
168
231
105
518
834
201
135
452
116
30
482
481
623
818
587
414
765
637
819
673
705
604
290
341
206
651
810
267
937
146
234
357
352
245
584
585
318
84
403
840
252
170
35
825
568
827
986
524
686
170
815
543
898
795
577
302
641
734
494
872
605
102
125
945
117
983
326
411
81
963
304
300
725
256
714
661
296
205
320
447
650
319
635
225
199
813
418
739
565
589
204
310
636
947
6
920
981
704
968
314
122
586
810
230
82
464
512
264
540
148
529
73
917
926
558
352
415
131
889
703
785
271
811
165
560
81
161
866
530
550
977
43
890
541
954
648
104
47
317
541
569
856
284
728
374
83
596
920
723
64
510
886
439
362
403
340
928
804
152
20
718
768
270
466
256
921
615
127
505
958
159
826
80
258
562
152
768
877
791
774
741
36
901
262
409
778
4
340
57
648
736
284
553
166
703
113
177
522
11
830
801
116
3
54
220
352
842
326
699
965
114
910
695
713
908
802
319
664
682
835
75
24
772
772
790
969
761
577
734
196
659
941
778
102
801
443
481
226
377
226
155
83
611
622
420
213
141
66
490
473
156
941
39
625
91
712
231
735
235
639
758
310
699
335
246
322
215
69
39
918
915
302
43
479
575
149
614
564
938
210
695
675
347
512
423
977
825
633
114
952
276
155
132
964
343
629
783
278
51
589
974
287
10
135
448
52
605
365
834
762
903
784
778
230
77
262
899
668
686
267
118
93
844
507
935
236
521
527
27
984
628
353
439
922
960
105
484
514
103
877
947
31
372
152
61
328
404
46
111
143
697
523
103
353
718
511
532
58
114
583
693
642
546
482
883
205
76
114
868
449
214
1000
401
890
345
71
194
615
870
594
892
148
200
425
320
662
754
416
835
946
249
540
297
337
966
470
95
165
554
943
441
606
15
136
764
181
770
200
289
113
309
88
268
930
417
749
466
627
503
918
938
109
65
135
178
40
783
588
297
587
323
620
517
563
503
416
229
499
521
735
943
417
418
427
416
90
296
978
655
733
309
632
443
74
987
899
530
103
344
740
24
384
647
136
2
567
3
596
651
352
914
382
456
943
492
148
712
335
385
646
422
796
775
893
830
939
300
181
481
749
105
786
215
456
249
449
835
510
286
988
482
681
51
54
441
545
585
149
298
222
291
99
178
371
113
424
441
652
846
879
103
261
975
69
125
130
991
272
237
335
869
519
596
523
549
145
54
925
991
128
765
172
922
258
361
447
427
924
489
601
42
187
659
575
598
981
816
323
310
405
985
505
503
373
320
177
313
272
781
337
447
774
730
589
501
879
59
941
175
671
483
101
803
225
184
638
949
419
102
609
674
236
557
516
340
192
537
258
606
378
71
932
225
786
356
70
928
594
661
679
683
113
967
230
203
601
184
431
79
237
358
303
954
307
32
166
974
883
281
630
946
140
583
451
35
592
724
296
78
898
758
680
651
897
113
929
364
990
352
863
740
682
886
928
233
140
603
250
552
492
321
380
545
221
602
227
718
701
996
210
221
251
18
271
127
889
563
753
827
852
547
199
214
262
264
32
745
784
169
135
892
796
87
848
970
242
934
327
249
439
429
781
53
898
968
335
888
662
856
464
297
837
116
84
74
569
229
95
335
888
607
800
777
89
506
979
910
314
409
277
921
270
132
144
358
534
569
874
187
412
917
13
690
16
Sum: 489458
Average: 489.0